3.5239148139953613
9.574090003967285
3.2726776599884033
1.503021240234375
2.8640244007110596
2.459980010986328
5.937432289123535
3.8501458168029785
6.16636323928833
5.958220481872559
8.98316764831543
3.422851085662842
8.815893173217773
1.4405925273895264
1.8360341787338257
6.906432151794434
2.908182144165039
9.112918853759766
5.82841682434082
8.472685813903809
4.636889457702637
1.4401768445968628
4.978999137878418
4.478717803955078
8.34328556060791
6.656001091003418
8.785181999206543
4.228307723999023
3.232863187789917
2.5428028106689453
4.881218433380127
6.557805061340332
9.449082374572754
4.858433246612549
5.441205024719238
7.3423380851745605
9.8955659866333
1.4396531581878662
7.147054672241211
2.086573839187622
8.341979026794434
8.268905639648438
2.8066787719726562
5.364529609680176
9.603806495666504
7.887885093688965
3.7247071266174316
4.928478717803955
3.354574680328369
2.1626830101013184
6.803389072418213
7.700906276702881
9.649999618530273
1.7438466548919678
8.846055030822754
2.1865158081054688
8.488039016723633
5.311369895935059
3.3311619758605957
1.4692943096160889
8.1953706741333
5.478125095367432
2.348628520965576
6.405444145202637
5.846561908721924
8.285548210144043
5.651148796081543
8.890453338623047
2.7036585807800293
9.769622802734375
2.5924320220947266
7.565461158752441
5.398750305175781
3.5994229316711426
6.872021675109863
4.114953994750977
1.4426065683364868
8.375261306762695
1.6521515846252441
6.270897388458252
1.4425129890441895
1.440081000328064
1.648148536682129
4.985133171081543
8.4636869430542
3.539353609085083
1.7939231395721436
3.6884500980377197
8.392658233642578
6.822240352630615
3.08530330657959
6.601406097412109
8.50166130065918
6.901097297668457
2.6720566749572754
1.4424638748168945
7.036465644836426
6.821650505065918
4.106159687042236
5.437435150146484
9.413976669311523
3.7977004051208496
8.362205505371094
4.312290668487549
6.0321431159973145
6.645192623138428
6.542792320251465
5.857230186462402
7.812343120574951
8.398529052734375
6.912528038024902
4.305243015289307
9.807271957397461
9.574339866638184
2.2429792881011963
4.905999660491943
7.403075218200684
6.719832897186279
2.4037768840789795
1.710575819015503
2.228330612182617
5.1132659912109375
4.071135997772217
4.9290900230407715
3.828296422958374
9.554320335388184
5.129996299743652
5.239023685455322
8.82011604309082
3.9926700592041016
6.212850093841553
4.201168537139893
6.9341206550598145
6.984653472900391
9.3948974609375
9.056751251220703
7.404026508331299
6.964644908905029
9.663822174072266
1.7597304582595825
7.403771877288818
4.462562084197998
1.4416022300720215
7.816104412078857
1.971895456314087
9.908880233764648
9.147296905517578
3.564649820327759
1.4961113929748535
9.754305839538574
3.626620292663574
1.5519118309020996
9.538599014282227
1.4415794610977173
1.4750598669052124
1.4405733346939087
7.925963401794434
3.362030029296875
4.239175796508789
9.335064888000488
2.2413763999938965
9.639538764953613
4.055715084075928
2.662780284881592
8.557785034179688
2.4023914337158203
6.804308891296387
1.5326910018920898
5.709549903869629
1.683546781539917
9.254501342773438
1.7424525022506714
6.420009613037109
7.527472496032715
6.229781150817871
7.273320198059082
1.4324619770050049
2.577907085418701
8.097933769226074
6.982235431671143
1.4951543807983398
3.2353410720825195
1.4405760765075684
1.764535903930664
9.810279846191406
1.4407541751861572
8.948441505432129
7.153181076049805
9.279687881469727
1.5304731130599976
8.923291206359863
1.9430499076843262
9.208789825439453
1.711893081665039
6.508087635040283
3.440458297729492
1.441503643989563
1.5632981061935425
5.417786598205566
1.4404020309448242
8.929265022277832
1.5013320446014404
1.6059253215789795
2.368124008178711
9.804362297058105
6.072774410247803
4.819635391235352
5.141619682312012
5.302958011627197
7.130524635314941
1.639264702796936
7.936423301696777
9.075545310974121
5.813171863555908
3.837960958480835
8.646427154541016
7.695410251617432
4.77348518371582
4.282618522644043
2.7176566123962402
2.159463882446289
6.418590068817139
4.736183166503906
1.8159972429275513
1.4423909187316895
5.983271598815918
7.440350532531738
5.637767314910889
9.221746444702148
7.852227687835693
1.4544692039489746
1.4401378631591797
9.639504432678223
4.219836235046387
4.074570655822754
5.137612342834473
1.6025573015213013
2.7823874950408936
3.7402758598327637
5.584573268890381
5.207953453063965
2.057675361633301
3.5308501720428467
1.7737460136413574
9.156200408935547
2.756863594055176
7.871551036834717
2.6670095920562744
1.6417789459228516
7.897393226623535
1.441725254058838
5.364873886108398
6.074917316436768
6.279942512512207
8.982036590576172
1.4406054019927979
7.991809844970703
9.500557899475098
6.056971549987793
5.953032493591309
4.515973091125488
9.521161079406738
1.4410899877548218
1.8617950677871704
4.723814487457275
2.2099475860595703
9.656792640686035
4.415125370025635
6.00828742980957
8.969637870788574
2.0008230209350586
7.790678977966309
1.4397692680358887
5.672590255737305
3.908768653869629
1.7534886598587036
2.26961350440979
1.4420157670974731
9.139124870300293
9.042929649353027
3.955364465713501
8.80532455444336
8.700450897216797
2.8631021976470947
4.978965759277344
1.4402176141738892
7.747337818145752
5.763287544250488
5.8259100914001465
1.4421844482421875
1.439560890197754
4.2247772216796875
8.252589225769043
9.411680221557617
8.576396942138672
1.440138578414917
8.672228813171387
1.6965954303741455
8.985892295837402
2.023364782333374
3.549337148666382
6.5087385177612305
4.368924140930176
5.72526216506958
3.182417154312134
8.411148071289062
2.7994954586029053
8.327454566955566
5.187255859375
5.554695129394531
6.099042892456055
9.229774475097656
4.367409706115723
1.4400464296340942
1.5334744453430176
6.2250657081604
5.813441753387451
7.968105792999268
3.6850643157958984
3.664207935333252
8.16000747680664
3.048739433288574
1.5652151107788086
9.18386459350586
6.924135208129883
1.430790901184082
4.9044508934021
3.2887682914733887
3.225067138671875
1.4406622648239136
8.102360725402832
2.381063222885132
9.101261138916016
1.4426571130752563
9.003623962402344
2.6500985622406006
4.079711437225342
7.293698310852051
9.760696411132812
4.730514049530029
9.700754165649414
8.8932523727417
1.4984811544418335
2.4020724296569824
8.57109546661377
3.445692539215088
5.977492809295654
4.3411865234375
2.8542284965515137
7.171046733856201
1.8226895332336426
1.9578430652618408
4.357420444488525
1.9320425987243652
6.289129734039307
1.4431374073028564
5.38740873336792
5.677657127380371
1.438490629196167
9.875532150268555
3.580918073654175
7.055769443511963
9.538983345031738
9.5344877243042
1.9567947387695312
7.474976062774658
7.869037628173828
8.240217208862305
4.28125524520874
9.152103424072266
1.4413268566131592
2.064638376235962
1.7522423267364502
4.533228397369385
6.274424076080322
5.493124008178711
4.2343902587890625
5.70441198348999
7.786640167236328
3.992687702178955
2.0880045890808105
1.4420448541641235
3.891974449157715
8.603141784667969
9.567049980163574
5.99180793762207
8.744270324707031
1.7296379804611206
1.4800848960876465
9.341094017028809
1.7908809185028076
5.483499050140381
4.757713317871094
1.4353406429290771
8.018807411193848
3.4244918823242188
1.440772533416748
1.4789066314697266
1.4410324096679688
2.4443259239196777
5.3690009117126465
3.264568328857422
9.789812088012695
7.866453647613525
5.93044376373291
9.465302467346191
9.03003978729248
6.511404991149902
8.686003684997559
9.492911338806152
1.4423692226409912
9.765565872192383
9.713497161865234
8.777719497680664
9.370145797729492
7.1599321365356445
1.440983772277832
3.643592596054077
7.482179641723633
2.211459159851074
2.1154072284698486
1.9642270803451538
3.200080156326294
6.3335394859313965
1.8162907361984253
2.0817368030548096
9.816505432128906
8.070823669433594
6.572474479675293
6.990446090698242
4.279103755950928
9.578313827514648
8.436326026916504
4.399968147277832
9.087203979492188
3.588188886642456
9.635985374450684
2.625485897064209
2.842240333557129
3.1339147090911865
5.124593734741211
5.441987991333008
5.988221168518066
9.766985893249512
4.810041904449463
7.686266899108887
1.4982035160064697
1.5519661903381348
1.4432754516601562
3.3537845611572266
3.860509157180786
3.017894983291626
9.792326927185059
2.1320419311523438
8.02442455291748
1.440048336982727
5.223546981811523
8.05127239227295
7.059229850769043
8.961404800415039
2.8945417404174805
1.4391380548477173
5.589297294616699
2.1534180641174316
8.768750190734863
1.6187657117843628
1.9268465042114258
1.4394479990005493
1.7578046321868896
5.144011974334717
2.888834238052368
9.200983047485352
1.4426898956298828
2.6413192749023438
8.433199882507324
1.6019833087921143
7.952437400817871
5.273916721343994
8.861639022827148
3.3794071674346924
2.0590357780456543
9.697757720947266
8.940494537353516
3.7189784049987793
1.9176064729690552
3.1635048389434814
7.1389479637146
1.7247674465179443
9.65894889831543
9.73502254486084
4.9874348640441895
1.7750955820083618
1.7967329025268555
8.152725219726562
1.4411499500274658
2.142179250717163
8.026330947875977
3.0990333557128906
7.934570789337158
9.622074127197266
8.760552406311035
9.508119583129883
4.7625041007995605
5.198155403137207
1.6804296970367432
1.9167728424072266
1.4425230026245117
9.270288467407227
9.649635314941406
4.160548686981201
5.251132011413574
3.5455751419067383
1.4419450759887695
8.938628196716309
3.298179864883423
8.010316848754883
4.57557487487793
7.878055572509766
2.1532275676727295
6.702447414398193
1.4786285161972046
5.038936138153076
1.4427461624145508
2.9796338081359863
2.1617374420166016
4.54881477355957
8.12818717956543
3.8213536739349365
1.4430642127990723
8.680130958557129
4.559192180633545
3.025452136993408
8.371663093566895
1.4375438690185547
3.915257453918457
3.8252899646759033
7.461186408996582
2.1898136138916016
4.745318412780762
7.278036594390869
4.682553291320801
7.346887588500977
1.4404596090316772
1.4411736726760864
3.495224714279175
7.7991766929626465
1.443087100982666
6.259620666503906
2.6309752464294434
6.643478870391846
1.440366268157959
9.148399353027344
8.570951461791992
5.454437732696533
7.535585880279541
9.464649200439453
1.4425156116485596
2.732573986053467
1.4427940845489502
8.283735275268555
1.7075752019882202
6.283927917480469
7.025895595550537
1.9398601055145264
1.4419372081756592
9.672468185424805
4.873894691467285
8.904133796691895
8.080085754394531
4.9524312019348145
1.4384076595306396
9.66616153717041
1.7127249240875244
9.793801307678223
7.6071600914001465
8.57701587677002
1.6887003183364868
5.42153787612915
1.4425568580627441
9.661808967590332
6.240090847015381
1.4407445192337036
9.260350227355957
1.766322374343872
8.896771430969238
3.1614038944244385
7.858132362365723
2.899879217147827
6.949213027954102
8.202115058898926
5.119037628173828
7.9687395095825195
1.442512035369873
3.8904478549957275
9.743718147277832
3.0360257625579834
7.12341833114624
3.2337870597839355
1.538545846939087
8.114922523498535
3.5233638286590576
8.654040336608887
9.296931266784668
3.6481175422668457
3.385329246520996
2.647071123123169
9.613338470458984
1.4401142597198486
9.40700912475586
2.047452449798584
5.969119548797607
7.341852188110352
5.334687232971191
2.2561917304992676
6.58514404296875
5.969462871551514
2.3166415691375732
4.695111274719238
4.545241355895996
7.642913818359375
4.759108543395996
3.369441270828247
5.506247520446777
1.5679728984832764
9.56387710571289
3.30352783203125
6.157855033874512
1.4373550415039062
9.234306335449219
4.737390995025635
9.300392150878906
4.9635162353515625
9.609102249145508
7.875920295715332
5.7579240798950195
8.054662704467773
2.2480275630950928
3.6308681964874268
3.723776340484619
6.652920722961426
1.4422235488891602
2.4501333236694336
1.44077730178833
9.52518367767334
4.75163459777832
1.7904530763626099
4.967554569244385
1.4391272068023682
6.3425068855285645
4.422767639160156
7.523481845855713
1.441927194595337
1.4417983293533325
2.5409698486328125
1.540663719177246
9.190720558166504
6.9944281578063965
3.998748302459717
4.1843719482421875
2.1320385932922363
2.437052011489868
7.689347743988037
1.9224132299423218
9.486540794372559
1.441778540611267
8.383072853088379
3.6253609657287598
6.278509140014648
2.372494697570801
1.443108320236206
4.702651023864746
1.4412319660186768
9.57625961303711
1.4428244829177856
1.9155908823013306
1.9385613203048706
1.8664028644561768
3.2191812992095947
9.439867973327637
6.7512006759643555
1.4426548480987549
7.147491455078125
4.106229782104492
6.195406913757324
1.94925856590271
6.184629440307617
9.275455474853516
1.70002281665802
7.771421432495117
3.3339266777038574
2.9196441173553467
8.27311897277832
3.236325740814209
9.294951438903809
9.895638465881348
8.974493026733398
6.321690082550049
1.4417057037353516
1.4419658184051514
8.288360595703125
9.648104667663574
2.1062700748443604
6.3660688400268555
7.5320587158203125
1.949920892715454
2.057842969894409
4.811347961425781
1.4414684772491455
1.4417575597763062
9.133438110351562
3.901193618774414
1.708744764328003
7.046480178833008
9.303325653076172
2.038517713546753
9.649015426635742
3.9519193172454834
9.79214859008789
6.714215278625488
1.521695852279663
7.181267261505127
6.321787357330322
2.104495048522949
3.55366587638855
2.9352850914001465
8.184062957763672
8.156144142150879
1.4411050081253052
5.452255725860596
9.038139343261719
8.575538635253906
7.913968563079834
1.4808584451675415
3.4021666049957275
1.4707070589065552
1.4425523281097412
5.023769855499268
4.962162971496582
3.3215346336364746
5.632503509521484
3.3768856525421143
9.12810230255127
8.167500495910645
5.354560852050781
1.457848310470581
8.07602310180664
9.548333168029785
9.364171981811523
9.093436241149902
1.4363943338394165
7.122757911682129
2.5243473052978516
7.229389190673828
6.395571231842041
5.677585601806641
6.609482288360596
9.450098991394043
8.104558944702148
5.558383941650391
7.223846435546875
4.656253814697266
7.782018184661865
8.358522415161133
9.672135353088379
1.9387625455856323
8.776960372924805
1.457718014717102
5.6480937004089355
6.425609588623047
7.04970121383667
9.431171417236328
6.587904930114746
5.382260322570801
6.571052074432373
8.87059497833252
4.995704650878906
7.765295028686523
7.66074275970459
3.9621033668518066
3.0857367515563965
2.7102603912353516
1.4409778118133545
2.0461316108703613
9.416158676147461
1.6584111452102661
1.4425983428955078
9.240428924560547
2.144866704940796
8.660947799682617
2.0485100746154785
1.510445475578308
1.4419223070144653
6.320248126983643
1.4399466514587402
2.3714396953582764
4.957952976226807
1.9398078918457031
6.804333209991455
9.5929536819458
9.4237699508667
2.685220718383789
9.003934860229492
3.062270164489746
3.857874870300293
1.443251371383667
9.78372859954834
6.4062604904174805
1.44313645362854
6.511134147644043
1.4413844347000122
7.0103960037231445
5.608335018157959
5.748818397521973
3.4475717544555664
3.337453603744507
1.778923749923706
2.535771369934082
1.4397423267364502
5.3942155838012695
2.6740849018096924
8.929426193237305
8.921015739440918
9.949228286743164
6.464566230773926
1.439966082572937
6.27391242980957
9.308438301086426
7.342889785766602
8.02191162109375
5.9332733154296875
3.671682834625244
2.0903146266937256
4.910183429718018
8.497380256652832
9.638498306274414
3.756923198699951
4.39254093170166
1.5601437091827393
4.877375602722168
8.897817611694336
7.485569000244141
5.321924686431885
2.0974392890930176
1.4431430101394653
1.440004825592041
2.2699389457702637
1.7758296728134155
9.06772518157959
1.8853317499160767
4.542290687561035
1.4406944513320923
8.431384086608887
1.4382143020629883
1.6469128131866455
7.340235710144043
1.9281978607177734
6.515992164611816
4.084467887878418
7.369133949279785
9.511463165283203
9.608392715454102
8.07351303100586
3.488297700881958
5.183330059051514
3.340733289718628
4.276061534881592
4.090207576751709
8.330941200256348
5.302202224731445
7.018180847167969
3.0243687629699707
7.582151889801025
9.324873924255371
6.908452033996582
2.042215585708618
9.418340682983398
3.440045118331909
2.3678011894226074
3.5536627769470215
6.495934009552002
1.44222092628479
9.23827075958252
3.27587890625
9.408293724060059
3.574167490005493
1.4420169591903687
2.4759414196014404
6.188510894775391
9.076143264770508
8.335333824157715
6.306423187255859
8.635340690612793
2.4003777503967285
2.882434129714966
5.84771728515625
1.4366803169250488
2.33028507232666
8.797348976135254
1.5401345491409302
6.4519524574279785
7.999705791473389
5.789854049682617
5.535200119018555
5.333981037139893
1.4368095397949219
5.7627363204956055
9.88724136352539
7.651912689208984
2.1048760414123535
1.4410111904144287
9.941818237304688
1.437997817993164
7.889392375946045
1.7559372186660767
6.985163688659668
5.494762420654297
5.449986934661865
7.508251667022705
1.4430248737335205
7.224796295166016
1.441602110862732
1.4391701221466064
7.068996429443359
2.1689422130584717
1.4403550624847412
3.299342632293701
9.669075965881348
4.434247970581055
1.4394657611846924
1.9539802074432373
1.825286865234375
7.869544506072998
3.5376956462860107
1.4387215375900269
9.174959182739258
9.600911140441895
2.1380503177642822
7.727290153503418
9.817741394042969
9.217909812927246
1.5240051746368408
9.29601001739502
8.867209434509277
1.440546989440918
1.441404938697815
6.191241264343262
3.3012115955352783
1.4431238174438477
2.484396457672119
1.4403393268585205
2.996713876724243
8.394344329833984
3.622191905975342
8.113577842712402
1.9473655223846436
8.559426307678223
6.290204048156738
1.4411758184432983
2.267974853515625
6.439332008361816
7.4980669021606445
3.8056814670562744
3.7781057357788086
5.453638076782227
3.007648229598999
6.191545009613037
2.7280125617980957
6.953985214233398
1.4392322301864624
5.980193614959717
1.441993236541748
4.239968299865723
2.5180892944335938
1.4598114490509033
2.210149049758911
7.710933685302734
9.689586639404297
6.6852803230285645
3.5931012630462646
9.58446979522705
6.221628189086914
4.297972679138184
1.439379334449768
4.295982837677002
2.8335094451904297
2.584228754043579
5.432258605957031
2.540947437286377
1.4411005973815918
6.356588363647461
3.3845572471618652
1.6299357414245605
8.51852798461914
4.70713996887207
9.240784645080566
6.1899003982543945
2.6481518745422363
3.843126058578491
8.13485050201416
2.7333452701568604
